10 10
23 98 45 56 27 78 13 64 15 90 
48 3 86 37 12 3 70 77 80 91 
73 8 27 18 97 28 31 90 41 92 
98 13 68 99 78 49 88 3 6 93 
23 18 5 80 63 74 49 16 67 94 
48 23 46 61 48 99 6 29 32 95 
73 28 87 42 29 24 63 42 93 96 
98 33 24 23 14 45 24 55 58 97 
23 38 65 4 99 70 81 68 19 98 
48 47 6 85 80 95 42 81 84 99 

0 1 1 1 0 1 0 1 0 1 
1 0 1 0 0 0 1 1 1 1 
1 0 0 0 1 0 0 1 0 1 
1 0 1 1 1 1 1 0 0 1 
0 0 0 1 1 1 1 0 1 1 
1 0 1 1 1 1 0 0 0 1 
1 0 1 1 0 0 1 1 1 1 
1 0 0 0 0 1 0 1 1 1 
0 0 1 0 1 1 1 1 0 1 
1 1 0 1 1 1 1 1 1 1 

40
