10 10
98 5 20 63 78 57 92 67 6 5 
23 10 61 44 59 82 49 80 67 6 
48 19 2 25 44 7 10 93 32 7 
73 24 43 6 29 28 67 6 93 8 
98 29 80 87 10 53 24 19 58 9 
23 34 21 68 95 78 85 32 19 10 
48 39 62 53 80 3 42 45 84 11 
73 44 99 34 61 24 3 58 45 12 
98 49 40 15 46 49 60 71 10 17 
23 54 81 96 31 74 21 84 71 18 

1 0 0 0 1 0 1 0 0 0 
0 0 0 0 0 1 0 1 0 0 
0 0 0 0 0 0 0 1 0 0 
1 0 0 0 0 0 0 0 1 0 
1 0 1 1 0 0 0 0 0 0 
0 0 0 1 1 1 1 0 0 0 
0 0 0 0 1 0 0 0 1 0 
1 0 1 0 0 0 0 0 0 0 
1 0 0 0 0 0 0 1 0 0 
0 0 1 1 0 1 0 1 1 0 

3
